17
FAUA 0 0 0 70 0 0 0 0 0 0 0 0 170 0 0 0 0 
FC 0 0 0 0 0 100 0 0 0 0 0 0 0 0 0 0 0 
FIA/FIP 0 0 0 80 0 0 0 0 0 0 150 0 0 0 0 0 0 
FIC 70 0 80 0 0 0 0 0 0 0 0 120 0 0 0 0 0 
FIEECS 0 0 0 0 0 180 0 0 0 0 0 0 75 0 0 0 0 
FIEE 0 100 0 0 180 0 0 200 0 0 0 0 0 0 75 85 0 
FIGMM 0 0 0 0 0 0 0 0 0 0 0 0 170 0 0 0 0 
FIIS 0 0 0 0 0 200 0 0 0 0 0 0 0 0 0 0 330 
FIM 0 0 0 0 0 0 0 0 0 0 150 0 0 0 0 0 0 
FIQT 0 0 0 0 0 0 0 0 0 0 95 0 0 0 0 0 0 
P.Central 0 0 150 0 0 0 0 0 150 95 0 0 0 0 0 0 0 
CEPS 0 0 0 120 0 0 0 0 0 0 0 0 0 0 0 0 0 
Topografia 170 0 0 0 75 0 170 0 0 0 0 0 0 180 0 0 0 
Lab. 0 0 0 0 0 0 0 0 0 0 0 0 180 0 0 0 0 
Residencia 0 0 0 0 0 75 0 0 0 0 0 0 0 0 0 0 0 
CRAI 0 0 0 0 0 85 0 0 0 0 0 0 0 0 0 0 0 
Sismos 0 0 0 0 0 0 0 330 0 0 0 0 0 0 0 0 0 
