17
FAUA 0 550 100 70 210 380 350 700 400 350 280 220 170 190 600 400 900
FC 550 0 650 600 370 100 550 200 970 870 820 720 420 670 220 150 500
FIA/FIP 100 650 0 80 200 680 250 750 450 250 150 120 300 350 700 550 1000
FIC 70 600 80 0 250 550 290 700 450 290 200 120 300 300 650 550 1000
FIEECS 210 370 200 250 0 180 450 550 650 450 500 450 75 270 350 250 700
FIEE 380 100 680 550 180 0 220 200 420 750 750 700 350 550 75 85 500
FIGMM 350 550 250 290 450 220 0 600 550 400 500 500 170 350 270 350 750
FIIS 700 200 750 700 550 200 600 0 1300 1000 1000 950 650 850 400 400 330
FIM 400 970 450 450 650 420 550 1300 0 220 150 450 550 600 800 800 1250
FIQT 350 870 250 290 450 750 400 1000 220 0 95 300 500 500 750 750 1250
P.Central 280 820 150 200 500 750 500 1000 150 95 0 250 400 450 750 650 1150
CEPS 220 720 120 120 450 700 500 950 450 300 250 0 450 450 750 600 1050
Topografia 170 420 300 300 75 350 170 650 550 500 400 450 0 180 400 250 700
Lab. 190 670 350 300 270 550 350 850 600 500 450 450 180 180 0 600 450
Residencia 600 220 700 650 350 75 270 400 800 750 750 750 400 0 0 160 500
CRAI 400 150 550 550 250 85 350 400 800 750 650 600 250 600 160 0 450
Sismos 900 500 1000 1000 700 500 750 330 1250 1250 1150 1050 700 450 500 450 0